test-delay-300-run-1:0.437173869104
test-delay-300-run-2:0.432016053703
test-delay-300-run-3:0.464882712617
test-delay-300-run-4:0.449337487516
test-delay-300-run-5:0.44369623458
